SANOS: 0.995049
CONTAGIADOS: 0.004950
RECUPERADOS: 0.000000
FALLECIDOS: 0.004950
R0: 0.000000
