SANOS: 0.995049
CONTAGIADOS: 0.004950
RECUPERADOS: 0.004950
FALLECIDOS: 0.000000
R0: 0.000000
