SANOS: 0.980769
CONTAGIADOS: 0.019231
RECUPERADOS: 0.019231
FALLECIDOS: 0.000000
R0: 0.000000
