SANOS: 0.950000
CONTAGIADOS: 0.050000
RECUPERADOS: 0.050000
FALLECIDOS: 0.000000
R0: 0.000000
