SANOS: 0.980000
CONTAGIADOS: 0.020000
RECUPERADOS: 0.000000
FALLECIDOS: 0.020000
R0: 0.000000
