SANOS: 0.940000
CONTAGIADOS: 0.060000
RECUPERADOS: 0.000000
FALLECIDOS: 0.000000
R0: 5.000000
