SANOS: 0.990196
CONTAGIADOS: 0.009804
RECUPERADOS: 0.009804
FALLECIDOS: 0.000000
R0: 0.000000
