SANOS: 0.990000
CONTAGIADOS: 0.010000
RECUPERADOS: 0.000000
FALLECIDOS: 0.010000
R0: 0.000000
