SANOS: 0.995000
CONTAGIADOS: 0.005000
RECUPERADOS: 0.005000
FALLECIDOS: 0.000000
R0: 0.000000
