SANOS: 0.960000
CONTAGIADOS: 0.040000
RECUPERADOS: 0.040000
FALLECIDOS: 0.000000
R0: 0.000000
