SANOS: 0.142857
CONTAGIADOS: 0.857143
RECUPERADOS: 0.035714
FALLECIDOS: 0.250000
R0: 23.000000
