SANOS: 0.962963
CONTAGIADOS: 0.037037
RECUPERADOS: 0.037037
FALLECIDOS: 0.000000
R0: 0.000000
