SANOS: 0.961538
CONTAGIADOS: 0.038462
RECUPERADOS: 0.038462
FALLECIDOS: 0.000000
R0: 0.000000
